  image_width: 1280
  image_height: 720
  camera_name: front
  camera_matrix:
    rows: 3
    cols: 3
    data: [908.23974609375, 0.0, 644.37060546875, 0.0, 907.3870239257812, 365.46728515625, 0.0, 0.0, 1.0]
  distortion_model: plumb_bob
  distortion_coefficients:
    rows: 1
    cols: 5
    data: [0.0, 0.0, 0.0, 0.0, 0.0]
  rectification_matrix:
    rows: 3
    cols: 3
    data: [1.0, 0.0, 0.0, 0.0, 1.0, 0.0, 0.0, 0.0, 1.0]
  projection_matrix:
    rows: 3
    cols: 4
    data: [908.23974609375, 0.0, 644.37060546875, 0.0, 0.0, 907.3870239257812, 365.46728515625, 0.0, 0.0, 0.0, 1.0, 0.0]